749
750
754
761
767
775
797
816
843
856
875
883
895
906
927
935
948
959
966
981
988
994
1008
1013
1022
1031
1043
1051
1055
1069
1098
1110
1126
1136
1151
1163
1182
2695
2706
2711
2726
2731
2744
4009
785626
786059
736
747
762
774
780
796
805
817
821
825
829
833
837
844
857
865
868
876
882
896
900
907
911
926
941
950
960
961
967
970
975
982
989
1007
1023
1032
1034
1044
1049
1056
1060
1076
1084
1088
1099
1102
1106
1109
1114
1127
1131
1137
1142
1145
1155
1164
1174
1181
1185
1188
1271
2675
2678
2698
2714
2727
2732
3906
3912
3915
4014
4041
4058
4077
4096
780423
780433
785139
785142
785148
785154
785157
785620
785808
785818
785828
785879
786039
786048
786050
786060
786068
786072
786075
786079
786084
786099
786203
786204
786281
786283
786284
786286
786287
786288
786289
786290
786294
786295
786378
786561
786562
786700
786705
786707
787061
787063
787065
787067
787069
787071
787073
787075
787077
787079
787081
787083
787085
787087
787089
787091
787093
787095
787202
787411
787413
787416
787419
737
743
752
758
773
779
784
790
795
801
811
813
840
847
852
854
872
881
886
890
892
914
918
920
932
940
946
956
964
978
985
993
998
1006
1011
1016
1019
1027
1028
1040
1048
1053
1065
1070
1080
1082
1089
1092
1097
1105
1117
1123
1133
1140
1150
1161
1166
1171
1178
2674
2679
2682
2683
2686
2689
2690
2693
2701
2704
2708
2709
2713
2717
2719
2721
2724
2729
2735
2736
2737
2741
2742
2746
3899
3904
3910
4007
4040
4095
780427
785629
785823
786055
786382
786696
787415
787418
787421
787425
787426
787427
787428
787429
787430
787431
787432
787433
787434
787435
787436
787437
787438
735
740
742
748
753
756
759
765
770
772
778
783
787
789
794
800
804
808
810
814
820
824
828
832
836
841
848
851
855
860
862
864
870
873
880
887
889
893
899
903
905
910
915
916
921
922
925
930
933
939
945
952
957
965
972
974
979
986
992
996
999
1002
1005
1012
1017
1020
1026
1029
1038
1041
1047
1054
1059
1063
1068
1073
1075
1079
1083
1087
1093
1096
1104
1111
1113
1118
1121
1124
1130
1134
1141
1147
1149
1154
1158
1162
1167
1169
1173
1177
1183
1189
2681
2685
2687
2692
2694
2703
2705
2710
2715
2718
2722
2725
2730
2738
2743
2748
3900
3905
3911
3988
4010
4038
4044
4046
4056
4072
4073
4075
4087
4090
4093
4101
780417
780422
780424
780431
780432
780437
784040
784139
784359
785132
785135
785137
785141
785144
785146
785150
785152
785155
785158
785160
785701
785704
785732
785748
785803
785806
785810
785813
785816
785821
785826
785876
785882
785885
785889
786036
786057
786063
786066
786070
786077
786081
786292
786297
786376
786380
786698
786703
787423
734
739
741
746
751
755
757
764
769
771
777
782
786
788
792
799
803
807
809
812
819
823
827
831
835
839
846
850
853
859
861
863
867
871
878
885
888
891
898
902
904
909
913
917
919
923
924
929
931
938
943
951
954
963
969
973
977
984
991
995
997
1001
1003
1010
1015
1018
1025
1036
1037
1039
1046
1052
1058
1064
1067
1072
1074
1078
1081
1086
1091
1095
1103
1108
1112
1116
1120
1122
1129
1132
1139
1144
1148
1153
1157
1160
1165
1170
1172
1176
1180
1187
2680
2684
2688
2691
2696
2702
2707
2712
2716
2720
2723
2728
2733
2739
2745
2747
3898
3903
3909
3987
4016
4039
4042
4047
4059
4074
4076
4088
4091
4094
4102
780418
780420
780426
780429
780434
780438
784041
784140
784360
785133
785136
785138
785143
785145
785147
785151
785153
785156
785159
785161
785633
785702
785705
785733
785749
785804
785807
785811
785814
785817
785822
785827
785877
785883
785886
785890
786037
786058
786064
786067
786071
786078
786082
786293
786298
786377
786381
786699
786704
787424
760
766
793
815
842
874
879
894
934
944
958
980
987
1004
1021
1030
1042
1100
1125
1135
1320
1321
1322
1323
1324
1326
1329
1330
1331
1332
1333
1334
1335
1336
1337
1338
1339
1341
1342
1343
1344
1345
1346
1347
1348
1349
1350
1353
1354
1356
1357
1358
1359
1360
1362
1363
2835
2876
2905
2934
3918
780439
785447
2836
2895
2929
785439
2829
2848
2889
2908
785462
1191
1192
1193
1195
1196
1197
1198
1199
1200
1201
1202
1203
1204
1206
1207
1208
1210
1211
1212
1213
1214
1215
1216
1217
1218
1219
1220
1221
1222
1223
1224
1225
1226
1228
1229
1230
1231
1232
1233
1235
1236
1238
1240
1241
1242
1243
1244
1246
1247
1248
1249
1250
1251
1252
1253
1254
1255
1256
1257
1259
1260
1261
1262
1263
1264
1265
1266
1267
1268
1269
1270
2749
2750
2752
2753
2754
2755
2756
2757
2758
2759
2760
2762
3845
3846
3847
3850
3851
3853
3855
3856
3857
3858
3859
3861
3863
3864
3865
3867
3868
3902
3908
3914
4078
4079
4080
4081
4082
4083
4084
4085
4086
4089
4092
780419
780421
780425
780430
780435
780436
784138
784358
785623
785688
785689
785690
785691
785692
785693
785694
785695
785696
785697
785698
785700
785703
785706
785731
785747
785802
785805
785809
785812
785815
785820
785825
785875
785881
785884
785888
786035
786056
786062
786065
786069
786076
786080
786291
786296
786375
786379
786697
786702
787422
2830
2890
2928
785454
2316
2356
2326
2366
2324
2364
2315
2355
2831
2891
2910
785438
2323
2363
2319
2359
2318
2358
2348
2388
2341
2381
2317
2357
2763
2764
2765
2766
2767
2768
2769
2774
2775
2777
2778
2779
2783
2785
2786
2787
3942
3943
785131
2823
2883
2920
785453
2351
2391
2335
2375
2817
2877
2912
785444
2818
2878
2914
785465
2837
2896
2913
785460
2819
2879
2915
785457
2320
2360
2834
2894
2921
785442
2833
2893
2922
785451
2822
2882
2916
785461
2814
2902
2931
785463
2827
2887
2917
785450
2832
2892
2918
785459
2838
2897
2919
785452
2815
2903
2932
785455
2839
2898
2924
785443
2828
2888
2923
785441
2343
2383
2820
2880
2925
785449
2821
2881
2926
785440
2330
2370
2322
2362
2403
2442
2414
2453
2347
2387
2426
2465
2420
2459
2350
2390
2353
2393
2352
2392
2329
2369
2410
2449
3026
2424
2463
2321
2361
2402
2441
2331
2371
2411
2450
3025
720956
720962
780356
780355
720961
720959
720960
720957
2662
2666
2660
2664
3024
2336
2376
195
196
198
199
202
205
2939
2948
2957
2966
2975
2984
2993
3002
3019
266
267
269
273
277
285
288
2938
2947
2956
2965
2974
2983
2992
3001
3018
167
168
170
174
178
186
189
29
30
32
36
40
48
51
2936
2945
2954
2963
2972
2981
2990
2999
3016
238
239
241
245
249
257
260
2937
2946
2955
2964
2973
2982
2991
3000
3017
1
2
4
8
12
20
23
2935
2944
2953
2962
2971
2980
2989
2998
3015
1590
1613
1636
1659
1682
1705
1728
1751
1797
1820
1843
1866
1889
1912
1958
1980
2003
2026
2049
2072
2095
2118
2141
2164
2187
2210
2233
2256
2279
2302
3930
2342
2382
2325
2365
1596
1619
1642
1665
1688
1711
1734
1757
1803
1826
1849
1872
1895
1918
1964
1986
2009
2032
2055
2078
2101
2124
2147
2170
2193
2216
2239
2262
2285
2308
3936
1589
1612
1635
1658
1681
1704
1727
1750
1796
1819
1842
1865
1888
1911
1957
1979
2002
2025
2048
2071
2094
2117
2140
2163
2186
2209
2232
2255
2278
2301
3929
1584
1607
1630
1653
1676
1699
1722
1745
1791
1814
1837
1860
1883
1906
1952
1974
1997
2020
2043
2066
2089
2112
2135
2158
2181
2204
2227
2250
2273
2296
3924
1599
1622
1645
1668
1691
1714
1737
1760
1806
1829
1852
1875
1898
1921
1967
1989
2012
2035
2058
2081
2104
2127
2150
2173
2196
2219
2242
2265
2288
2311
3939
1583
1606
1629
1652
1675
1698
1721
1744
1790
1813
1836
1859
1882
1905
1951
1973
1996
2019
2042
2065
2088
2111
2134
2157
2180
2203
2226
2249
2272
2295
3923
1594
1617
1640
1663
1686
1709
1732
1755
1801
1824
1847
1870
1893
1916
1962
1984
2007
2030
2053
2076
2099
2122
2145
2168
2191
2214
2237
2260
2283
2306
3934
1591
1614
1637
1660
1683
1706
1729
1752
1798
1821
1844
1867
1890
1913
1959
1981
2004
2027
2050
2073
2096
2119
2142
2165
2188
2211
2234
2257
2280
2303
3931
2327
2367
1585
1608
1631
1654
1677
1700
1723
1746
1792
1815
1838
1861
1884
1907
1953
1975
1998
2021
2044
2067
2090
2113
2136
2159
2182
2205
2228
2251
2274
2297
3925
2328
2368
1580
1603
1626
1649
1672
1695
1718
1741
1787
1810
1833
1856
1879
1902
1948
1970
1993
2016
2039
2062
2085
2108
2131
2154
2177
2200
2223
2246
2269
2292
3920
1581
1604
1627
1650
1673
1696
1719
1742
1788
1811
1834
1857
1880
1903
1949
1971
1994
2017
2040
2063
2086
2109
2132
2155
2178
2201
2224
2247
2270
2293
3921
1602
1625
1648
2176
1593
1616
1639
1662
1685
1708
1731
1754
1800
1823
1846
1869
1892
1915
1961
1983
2006
2029
2052
2075
2098
2121
2144
2167
2190
2213
2236
2259
2282
2305
3933
1597
1620
1643
1666
1689
1712
1735
1758
1804
1827
1850
1873
1896
1919
1965
1987
2010
2033
2056
2079
2102
2125
2148
2171
2194
2217
2240
2263
2286
2309
3937
2334
2374
1582
1605
1628
1651
1674
1697
1720
1743
1789
1812
1835
1858
1881
1904
1950
1972
1995
2018
2041
2064
2087
2110
2133
2156
2179
2202
2225
2248
2271
2294
3922
2338
2378
1586
1609
1632
1655
1678
1701
1724
1747
1793
1816
1839
1862
1885
1908
1954
1976
1999
2022
2045
2068
2091
2114
2137
2160
2183
2206
2229
2252
2275
2298
3926
2337
2377
1595
1618
1641
1664
1687
1710
1733
1756
1802
1825
1848
1871
1894
1917
1963
1985
2008
2031
2054
2077
2100
2123
2146
2169
2192
2215
2238
2261
2284
2307
3935
2332
2372
2339
2379
1587
1610
1633
1656
1679
1702
1725
1748
1794
1817
1840
1863
1886
1909
1955
1977
2000
2023
2046
2069
2092
2115
2138
2161
2184
2207
2230
2253
2276
2299
3927
2345
2385
2349
2389
1598
1621
1644
1667
1690
1713
1736
1759
1805
1828
1851
1874
1897
1920
1966
1988
2011
2034
2057
2080
2103
2126
2149
2172
2195
2218
2241
2264
2287
2310
3938
1601
1624
1647
1670
1693
1716
1739
1762
1808
1831
1854
1877
1900
1923
1969
1991
2014
2037
2060
2083
2106
2129
2152
2175
2198
2221
2244
2267
2290
2313
3941
1600
1623
1646
1669
1692
1715
1738
1761
1807
1830
1853
1876
1899
1922
1968
1990
2013
2036
2059
2082
2105
2128
2151
2174
2197
2220
2243
2266
2289
2312
3940
2344
2384
1592
1615
1638
1661
1684
1707
1730
1753
1799
1822
1845
1868
1891
1914
1960
1982
2005
2028
2051
2074
2097
2120
2143
2166
2189
2212
2235
2258
2281
2304
3932
2333
2373
1588
1611
1634
1657
1680
1703
1726
1749
1795
1818
1841
1864
1887
1910
1956
1978
2001
2024
2047
2070
2093
2116
2139
2162
2185
2208
2231
2254
2277
2300
3928
2340
2380
2346
2386
738
745
763
768
776
781
785
791
798
802
806
818
822
826
830
834
838
845
849
858
866
869
877
884
897
901
908
912
928
936
937
942
949
953
955
962
968
971
976
983
990
1000
1009
1014
1024
1033
1035
1045
1050
1057
1061
1062
1071
1077
1085
1090
1094
1101
1107
1115
1119
1128
1138
1143
1146
1152
1156
1168
1175
1179
1184
1186
1190
1272
2676
2677
2697
2734
3901
3907
3913
3916
3917
4012
4064
4097
780428
785140
785149
785624
785819
785824
785878
785880
785887
786040
786049
786061
786073
786074
786083
786085
786100
786101
786282
786285
786701
786706
787062
787064
787066
787068
787070
787072
787074
787076
787078
787080
787082
787084
787086
787088
787090
787092
787094
787096
787203
787204
787412
787414
787417
787420
2825
2885
2909
785445
2824
2884
2927
785466
2826
2886
2911
785458
2813
2901
2930
785446
2840
2899
2906
785456
2816
2904
2933
785464
2841
2900
2907
785448
3991
3997
4003
4011
4017
4020
4027
4029
4032
4043
4050
4055
4061
4067
785167
785169
785177
785178
785180
785181
785183
785185
785187
785209
785221
785228
785255
785257
785259
785261
785287
785289
785291
785301
785303
785305
785307
785309
785317
785327
785331
785333
785335
785337
785339
785351
785355
785357
785361
785365
785630
3876
3994
3998
4001
4013
4018
4026
4030
4033
4045
4048
4053
4062
4066
785166
785168
785172
785173
785175
785176
785182
785184
785186
785208
785220
785227
785254
785256
785258
785260
785286
785288
785290
785300
785302
785304
785306
785308
785316
785326
785330
785332
785334
785336
785338
785350
785354
785356
785360
785364
785636
3993
4004
4005
4015
4021
4031
4036
4051
4052
4065
785189
785203
785205
785207
785211
785213
785217
785219
785226
785235
785237
785239
785241
785243
785245
785247
785249
785251
785253
785263
785265
785267
785269
785271
785273
785277
785285
785293
785311
785319
785325
785329
785341
785347
785353
785359
785363
785367
785634
3992
4002
4006
4008
4019
4028
4037
4049
4054
4063
785188
785202
785204
785206
785210
785212
785216
785218
785229
785234
785236
785238
785240
785242
785244
785246
785248
785250
785252
785262
785264
785266
785268
785270
785272
785276
785284
785292
785310
785318
785324
785328
785340
785346
785352
785358
785362
785366
785639
2943
2952
2961
2970
2979
2988
2997
3006
3010
3014
3023
3035
3040
3049
3834
3835
3836
3837
3838
3839
3840
3841
3842
3843
3844
2942
2951
2960
2969
2978
2987
2996
3005
3008
3012
3022
3034
3038
3048
2940
2949
2958
2967
2976
2985
2994
3003
3009
3013
3020
3032
3039
3046
2941
2950
2959
2968
2977
2986
2995
3004
3007
3011
3021
3033
3037
3047
2422
2461
2406
2445
2397
2436
2407
2446
2405
2444
2396
2435
2404
2443
2400
2439
2399
2438
2427
2466
2421
2460
2398
2437
2415
2454
2432
2471
2416
2455
2425
2464
2401
2440
2395
2434
2419
2458
2423
2462
2409
2448
2418
2457
2408
2447
2417
2456
2413
2452
2433
2472
2428
2467
2429
2468
2431
2470
2430
2469
2354
2412
2451
785641
785635
785628
785625
